backpack_00240.png: 0.344084
backpack_00254.png: 0.375247
backpack_00268.png: 0.344368
backpack_00255.png: 0.377754
backpack_00241.png: 0.370943
backpack_00257.png: 0.318092
backpack_00243.png: 0.301520
backpack_00242.png: 0.244588
backpack_00256.png: 0.283624
backpack_00252.png: 0.393897
backpack_00246.png: 0.473578
backpack_00247.png: 0.268781
backpack_00253.png: 0.477485
backpack_00245.png: 0.389959
backpack_00251.png: 0.383432
backpack_00250.png: 0.338294
backpack_00244.png: 0.304839
backpack_00237.png: 0.332258
backpack_00236.png: 0.297628
backpack_00234.png: 0.332886
backpack_00235.png: 0.312699
backpack_00231.png: 0.332900
backpack_00230.png: 0.308315
backpack_00232.png: 0.271489
backpack_00233.png: 0.271440
backpack_00229.png: 0.326687
backpack_00228.png: 0.336268
backpack_00238.png: 0.306345
backpack_00239.png: 0.307465
backpack_00261.png: 0.383942
backpack_00249.png: 0.350630
backpack_00248.png: 0.343367
backpack_00260.png: 0.318651
backpack_00262.png: 0.339624
backpack_00263.png: 0.341594
backpack_00267.png: 0.267990
backpack_00266.png: 0.265672
backpack_00258.png: 0.369237
backpack_00264.png: 0.280558
backpack_00265.png: 0.435348
backpack_00259.png: 0.339882
